START 0
4.2212 0.0000
4.0925 0.0150
4.0773 0.0300
4.0668 0.0450
4.0590 0.0600
4.0522 0.0750
4.0463 0.0900
4.0407 0.1050
4.0352 0.1200
4.0302 0.1350
4.0252 0.1500
4.0200 0.1650
4.0156 0.1800
4.0107 0.1950
4.0060 0.2100
4.0017 0.2251
3.9970 0.2401
3.9927 0.2551
3.9880 0.2701
3.9840 0.2851
3.9794 0.3001
3.9750 0.3151
3.9710 0.3301
3.9667 0.3451
3.9629 0.3601
3.9586 0.3751
3.9549 0.3901
3.9505 0.4051
3.9468 0.4201
3.9428 0.4351
3.9391 0.4501
3.9347 0.4651
3.9310 0.4801
3.9270 0.4951
3.9233 0.5101
3.9192 0.5251
3.9158 0.5401
3.9118 0.5551
3.9078 0.5701
3.9040 0.5851
3.9003 0.6001
3.8966 0.6151
3.8929 0.6301
3.8891 0.6451
3.8854 0.6601
3.8814 0.6752
3.8777 0.6902
3.8736 0.7052
3.8699 0.7202
3.8662 0.7352
3.8625 0.7502
3.8585 0.7652
3.8550 0.7802
3.8510 0.7952
3.8473 0.8102
3.8433 0.8252
3.8399 0.8402
3.8358 0.8552
3.8324 0.8702
3.8287 0.8852
3.8250 0.9002
3.8213 0.9152
3.8178 0.9302
3.8138 0.9452
3.8104 0.9602
3.8070 0.9752
3.8033 0.9902
3.7999 1.0052
3.7958 1.0202
3.7927 1.0352
3.7890 1.0502
3.7856 1.0652
3.7822 1.0802
3.7788 1.0952
3.7754 1.1102
3.7723 1.1253
3.7692 1.1403
3.7658 1.1553
3.7627 1.1703
3.7596 1.1853
3.7565 1.2003
3.7537 1.2153
3.7506 1.2303
3.7475 1.2453
3.7444 1.2603
3.7413 1.2753
3.7385 1.2903
3.7354 1.3053
3.7329 1.3203
3.7301 1.3353
3.7270 1.3503
3.7245 1.3653
3.7214 1.3803
3.7189 1.3953
3.7162 1.4103
3.7134 1.4253
3.7109 1.4403
3.7084 1.4553
3.7056 1.4703
3.7031 1.4853
3.7007 1.5003
3.6982 1.5153
3.6957 1.5303
3.6932 1.5453
3.6904 1.5603
3.6879 1.5754
3.6858 1.5904
3.6830 1.6054
3.6808 1.6204
3.6786 1.6354
3.6765 1.6504
3.6740 1.6654
3.6715 1.6804
3.6693 1.6954
3.6669 1.7104
3.6647 1.7254
3.6625 1.7404
3.6600 1.7554
3.6582 1.7704
3.6560 1.7854
3.6538 1.8004
3.6517 1.8154
3.6495 1.8304
3.6476 1.8454
3.6458 1.8604
3.6436 1.8754
3.6414 1.8904
3.6396 1.9054
3.6371 1.9204
3.6352 1.9354
3.6334 1.9504
3.6315 1.9654
3.6297 1.9804
3.6275 1.9954
3.6256 2.0104
3.6238 2.0255
3.6219 2.0405
3.6201 2.0555
3.6182 2.0705
3.6163 2.0855
3.6148 2.1005
3.6126 2.1155
3.6108 2.1305
3.6089 2.1455
3.6073 2.1605
3.6052 2.1755
3.6033 2.1905
3.6015 2.2055
3.5999 2.2205
3.5977 2.2355
3.5962 2.2505
3.5943 2.2655
3.5928 2.2805
3.5906 2.2955
3.5890 2.3105
3.5872 2.3255
3.5856 2.3405
3.5841 2.3555
3.5822 2.3705
3.5804 2.3855
3.5788 2.4005
3.5773 2.4155
3.5754 2.4305
3.5739 2.4455
3.5723 2.4605
3.5704 2.4756
3.5689 2.4906
3.5670 2.5056
3.5655 2.5206
3.5639 2.5356
3.5621 2.5506
3.5602 2.5656
3.5587 2.5806
3.5571 2.5956
3.5553 2.6106
3.5537 2.6256
3.5518 2.6406
3.5503 2.6556
3.5484 2.6706
3.5469 2.6856
3.5450 2.7006
3.5435 2.7156
3.5419 2.7306
3.5401 2.7456
3.5385 2.7606
3.5367 2.7756
3.5348 2.7906
3.5332 2.8056
3.5314 2.8206
3.5295 2.8356
3.5277 2.8506
3.5258 2.8656
3.5243 2.8806
3.5224 2.8956
3.5202 2.9106
3.5184 2.9257
3.5165 2.9407
3.5146 2.9557
3.5125 2.9707
3.5106 2.9857
3.5088 3.0007
3.5066 3.0157
3.5047 3.0307
3.5026 3.0457
3.5007 3.0607
3.4982 3.0757
3.4964 3.0907
3.4942 3.1057
3.4920 3.1207
3.4898 3.1357
3.4877 3.1507
3.4852 3.1657
3.4827 3.1807
3.4805 3.1957
3.4784 3.2107
3.4759 3.2257
3.4734 3.2407
3.4709 3.2557
3.4681 3.2707
3.4660 3.2857
3.4635 3.3007
3.4610 3.3157
3.4582 3.3307
3.4557 3.3457
3.4533 3.3607
3.4505 3.3758
3.4477 3.3908
3.4446 3.4058
3.4421 3.4208
3.4393 3.4358
3.4365 3.4508
3.4337 3.4658
3.4309 3.4808
3.4278 3.4958
3.4250 3.5108
3.4216 3.5258
3.4188 3.5408
3.4157 3.5558
3.4123 3.5708
3.4092 3.5858
3.4058 3.6008
3.4027 3.6158
3.3993 3.6308
3.3956 3.6458
3.3925 3.6608
3.3888 3.6758
3.3854 3.6908
3.3813 3.7058
3.3776 3.7208
3.3736 3.7358
3.3696 3.7508
3.3655 3.7658
3.3612 3.7808
3.3568 3.7958
3.3525 3.8108
3.3479 3.8259
3.3432 3.8409
3.3386 3.8559
3.3336 3.8709
3.3280 3.8859
3.3231 3.9009
3.3175 3.9159
3.3116 3.9309
3.3057 3.9459
3.2998 3.9609
3.2933 3.9759
3.2868 3.9909
3.2800 4.0059
3.2728 4.0209
3.2654 4.0359
3.2576 4.0509
3.2496 4.0659
3.2412 4.0809
3.2322 4.0959
3.2229 4.1109
3.2130 4.1259
3.2025 4.1409
3.1913 4.1559
3.1795 4.1709
3.1665 4.1859
3.1535 4.2009
3.1392 4.2159
3.1240 4.2309
3.1079 4.2459
3.0902 4.2609
3.0722 4.2760
3.0518 4.2910
3.0304 4.3060
3.0071 4.3210
3.0000 4.3252
END
START 25
4.2664 0.0000
4.2361 0.0300
4.2261 0.0600
4.2168 0.0900
4.2078 0.1200
4.1995 0.1500
4.1911 0.1800
4.1827 0.2100
4.1747 0.2400
4.1669 0.2700
4.1589 0.3000
4.1511 0.3300
4.1434 0.3600
4.1353 0.3900
4.1276 0.4201
4.1198 0.4501
4.1121 0.4801
4.1043 0.5101
4.0966 0.5401
4.0888 0.5701
4.0814 0.6001
4.0739 0.6301
4.0662 0.6601
4.0587 0.6901
4.0513 0.7201
4.0435 0.7501
4.0361 0.7801
4.0287 0.8101
4.0212 0.8401
4.0135 0.8702
4.0063 0.9002
3.9989 0.9302
3.9915 0.9602
3.9840 0.9902
3.9769 1.0202
3.9698 1.0502
3.9632 1.0802
3.9570 1.1102
3.9512 1.1402
3.9453 1.1702
3.9381 1.2002
3.9304 1.2302
3.9211 1.2602
3.9112 1.2902
3.9015 1.3203
3.8922 1.3503
3.8839 1.3803
3.8764 1.4103
3.8696 1.4403
3.8640 1.4703
3.8588 1.5003
3.8541 1.5303
3.8492 1.5603
3.8445 1.5903
3.8395 1.6203
3.8343 1.6503
3.8287 1.6803
3.8234 1.7103
3.8178 1.7403
3.8123 1.7704
3.8076 1.8004
3.8023 1.8304
3.7974 1.8604
3.7924 1.8904
3.7878 1.9204
3.7834 1.9504
3.7788 1.9804
3.7744 2.0104
3.7701 2.0404
3.7661 2.0704
3.7617 2.1004
3.7580 2.1304
3.7540 2.1604
3.7503 2.1905
3.7462 2.2205
3.7428 2.2505
3.7391 2.2805
3.7357 2.3105
3.7320 2.3405
3.7286 2.3705
3.7251 2.4005
3.7220 2.4305
3.7193 2.4605
3.7158 2.4905
3.7131 2.5205
3.7100 2.5506
3.7069 2.5806
3.7044 2.6106
3.7013 2.6406
3.6988 2.6706
3.6963 2.7006
3.6938 2.7306
3.6914 2.7606
3.6889 2.7906
3.6867 2.8206
3.6842 2.8506
3.6824 2.8807
3.6802 2.9107
3.6783 2.9407
3.6762 2.9707
3.6743 3.0007
3.6728 3.0307
3.6712 3.0607
3.6693 3.0907
3.6678 3.1207
3.6662 3.1507
3.6650 3.1807
3.6638 3.2108
3.6622 3.2408
3.6607 3.2708
3.6591 3.3008
3.6579 3.3308
3.6560 3.3608
3.6545 3.3908
3.6523 3.4208
3.6504 3.4508
3.6483 3.4808
3.6461 3.5108
3.6433 3.5408
3.6405 3.5709
3.6377 3.6009
3.6343 3.6309
3.6309 3.6609
3.6269 3.6909
3.6228 3.7209
3.6182 3.7509
3.6139 3.7809
3.6089 3.8109
3.6039 3.8409
3.5999 3.8709
3.5956 3.9009
3.5918 3.9309
3.5884 3.9610
3.5856 3.9910
3.5832 4.0210
3.5801 4.0510
3.5770 4.0810
3.5729 4.1110
3.5689 4.1410
3.5639 4.1710
3.5577 4.2010
3.5500 4.2310
3.5391 4.2610
3.5246 4.2910
3.5044 4.3210
3.4743 4.3511
3.4328 4.3811
3.3813 4.4111
3.3181 4.4411
3.2400 4.4711
3.1398 4.5011
3.0000 4.5300
END
START 50
4.2621 0.0000
4.2472 0.0150
4.2416 0.0300
4.2370 0.0450
4.2327 0.0600
4.2283 0.0750
4.2243 0.0900
4.2199 0.1050
4.2159 0.1200
4.2119 0.1350
4.2078 0.1500
4.2038 0.1650
4.1998 0.1800
4.1958 0.1950
4.1920 0.2100
4.1877 0.2251
4.1840 0.2401
4.1799 0.2551
4.1762 0.2701
4.1722 0.2851
4.1679 0.3001
4.1641 0.3151
4.1601 0.3301
4.1564 0.3451
4.1524 0.3601
4.1486 0.3751
4.1446 0.3901
4.1409 0.4051
4.1369 0.4201
4.1331 0.4351
4.1291 0.4501
4.1257 0.4651
4.1214 0.4801
4.1179 0.4951
4.1139 0.5101
4.1102 0.5251
4.1062 0.5401
4.1028 0.5551
4.0990 0.5701
4.0950 0.5851
4.0910 0.6001
4.0876 0.6151
4.0838 0.6301
4.0798 0.6451
4.0764 0.6602
4.0724 0.6752
4.0690 0.6902
4.0649 0.7052
4.0615 0.7202
4.0575 0.7352
4.0541 0.7502
4.0500 0.7652
4.0466 0.7802
4.0426 0.7952
4.0392 0.8102
4.0355 0.8252
4.0321 0.8402
4.0280 0.8552
4.0246 0.8702
4.0209 0.8852
4.0172 0.9002
4.0138 0.9152
4.0101 0.9302
4.0063 0.9452
4.0029 0.9602
3.9998 0.9752
3.9961 0.9902
3.9927 1.0052
3.9890 1.0202
3.9856 1.0352
3.9818 1.0502
3.9784 1.0652
3.9750 1.0803
3.9716 1.0953
3.9685 1.1103
3.9648 1.1253
3.9617 1.1403
3.9580 1.1553
3.9549 1.1703
3.9515 1.1853
3.9481 1.2003
3.9446 1.2153
3.9415 1.2303
3.9384 1.2453
3.9350 1.2603
3.9316 1.2753
3.9282 1.2903
3.9251 1.3053
3.9217 1.3203
3.9186 1.3353
3.9155 1.3503
3.9121 1.3653
3.9090 1.3803
3.9059 1.3953
3.9028 1.4103
3.8997 1.4253
3.8966 1.4403
3.8935 1.4553
3.8904 1.4703
3.8873 1.4853
3.8845 1.5003
3.8811 1.5154
3.8783 1.5304
3.8749 1.5454
3.8718 1.5604
3.8690 1.5754
3.8656 1.5904
3.8625 1.6054
3.8594 1.6204
3.8563 1.6354
3.8532 1.6504
3.8501 1.6654
3.8470 1.6804
3.8436 1.6954
3.8405 1.7104
3.8371 1.7254
3.8343 1.7404
3.8312 1.7554
3.8278 1.7704
3.8250 1.7854
3.8216 1.8004
3.8188 1.8154
3.8157 1.8304
3.8126 1.8454
3.8098 1.8604
3.8073 1.8754
3.8042 1.8904
3.8017 1.9054
3.7992 1.9204
3.7961 1.9355
3.7940 1.9505
3.7915 1.9655
3.7890 1.9805
3.7868 1.9955
3.7844 2.0105
3.7819 2.0255
3.7797 2.0405
3.7775 2.0555
3.7754 2.0705
3.7732 2.0855
3.7710 2.1005
3.7692 2.1155
3.7667 2.1305
3.7648 2.1455
3.7630 2.1605
3.7608 2.1755
3.7589 2.1905
3.7568 2.2055
3.7549 2.2205
3.7531 2.2355
3.7509 2.2505
3.7493 2.2655
3.7475 2.2805
3.7456 2.2955
3.7437 2.3105
3.7419 2.3255
3.7403 2.3405
3.7385 2.3555
3.7366 2.3706
3.7351 2.3856
3.7335 2.4006
3.7317 2.4156
3.7301 2.4306
3.7282 2.4456
3.7267 2.4606
3.7251 2.4756
3.7236 2.4906
3.7217 2.5056
3.7202 2.5206
3.7189 2.5356
3.7174 2.5506
3.7158 2.5656
3.7146 2.5806
3.7127 2.5956
3.7115 2.6106
3.7100 2.6256
3.7087 2.6406
3.7075 2.6556
3.7056 2.6706
3.7044 2.6856
3.7031 2.7006
3.7019 2.7156
3.7003 2.7306
3.6994 2.7456
3.6976 2.7606
3.6963 2.7756
3.6954 2.7906
3.6941 2.8056
3.6929 2.8207
3.6917 2.8357
3.6898 2.8507
3.6889 2.8657
3.6879 2.8807
3.6867 2.8957
3.6858 2.9107
3.6845 2.9257
3.6833 2.9407
3.6821 2.9557
3.6808 2.9707
3.6799 2.9857
3.6786 3.0007
3.6777 3.0157
3.6768 3.0307
3.6755 3.0457
3.6746 3.0607
3.6734 3.0757
3.6724 3.0907
3.6715 3.1057
3.6706 3.1207
3.6697 3.1357
3.6687 3.1507
3.6672 3.1657
3.6662 3.1807
3.6653 3.1957
3.6644 3.2107
3.6631 3.2257
3.6622 3.2407
3.6613 3.2558
3.6597 3.2708
3.6588 3.2858
3.6579 3.3008
3.6566 3.3158
3.6554 3.3308
3.6545 3.3458
3.6535 3.3608
3.6520 3.3758
3.6507 3.3908
3.6498 3.4058
3.6486 3.4208
3.6473 3.4358
3.6464 3.4508
3.6449 3.4658
3.6436 3.4808
3.6424 3.4958
3.6411 3.5108
3.6399 3.5258
3.6387 3.5408
3.6371 3.5558
3.6356 3.5708
3.6343 3.5858
3.6328 3.6008
3.6312 3.6158
3.6294 3.6308
3.6281 3.6458
3.6263 3.6608
3.6247 3.6758
3.6232 3.6909
3.6210 3.7059
3.6191 3.7209
3.6173 3.7359
3.6154 3.7509
3.6132 3.7659
3.6111 3.7809
3.6089 3.7959
3.6064 3.8109
3.6039 3.8259
3.6018 3.8409
3.5999 3.8559
3.5974 3.8709
3.5956 3.8859
3.5940 3.9009
3.5921 3.9159
3.5903 3.9309
3.5887 3.9459
3.5875 3.9609
3.5859 3.9759
3.5850 3.9909
3.5835 4.0059
3.5825 4.0209
3.5816 4.0359
3.5810 4.0509
3.5801 4.0659
3.5788 4.0809
3.5779 4.0959
3.5766 4.1110
3.5754 4.1260
3.5739 4.1410
3.5723 4.1560
3.5704 4.1710
3.5686 4.1860
3.5661 4.2010
3.5639 4.2160
3.5615 4.2310
3.5580 4.2460
3.5549 4.2610
3.5509 4.2760
3.5469 4.2910
3.5416 4.3060
3.5354 4.3210
3.5274 4.3360
3.5171 4.3510
3.5038 4.3660
3.4883 4.3810
3.4703 4.3960
3.4505 4.4110
3.4285 4.4260
3.4040 4.4410
3.3767 4.4560
3.3457 4.4710
3.3103 4.4860
3.2694 4.5010
3.2214 4.5160
3.1643 4.5311
3.0936 4.5461
3.0000 4.5606
END
